1.910151515151515014e+02 6.612694417029459828e+02
2.741320346320345607e+02 5.005768010103053030e+02
3.600194805194804530e+02 3.759014763349806572e+02
4.486774891774891785e+02 2.706200910535952744e+02
5.373354978354977902e+02 2.068971473306515918e+02
6.287640692640692350e+02 1.708798313133355578e+02
7.257337662337662323e+02 1.681092685427728384e+02
8.143917748917749577e+02 1.930443334778377675e+02
9.030497835497835695e+02 2.623084027419070026e+02
9.972489177489176200e+02 3.481958486293528949e+02
1.088677489177489178e+03 4.756417360752403738e+02
1.177335497835497790e+03 6.307932512267555012e+02
